1.000000 0.000000 0.000000
1.039792 0.020799 0.000000
1.079136 0.043188 0.000000
1.117985 0.067160 0.000000
1.156290 0.092701 0.000000
1.194005 0.119800 0.000000
1.231083 0.148443 0.000000
1.267476 0.178615 0.000000
1.303140 0.210300 0.000000
1.338027 0.243480 0.000000
1.372093 0.278137 0.000000
1.405292 0.314251 0.000000
1.437580 0.351800 0.000000
1.468913 0.390762 0.000000
1.499246 0.431115 0.000000
1.528538 0.472832 0.000000
1.556746 0.515889 0.000000
1.583828 0.560258 0.000000
1.609743 0.605912 0.000000
1.634450 0.652820 0.000000
1.657910 0.700953 0.000000
1.680084 0.750279 0.000000
1.700933 0.800766 0.000000
1.720421 0.852380 0.000000
1.738510 0.905087 0.000000
1.755165 0.958851 0.000000
1.770351 1.013635 0.000000
1.784034 1.069403 0.000000
1.796181 1.126115 0.000000
1.806759 1.183732 0.000000
1.815738 1.242213 0.000000
1.823088 1.301519 0.000000
1.828778 1.361606 0.000000
1.832782 1.422431 0.000000
1.835072 1.483952 0.000000
1.835621 1.546122 0.000000
1.834406 1.608899 0.000000
1.831402 1.672234 0.000000
1.826587 1.736082 0.000000
1.819939 1.800395 0.000000
1.811437 1.865126 0.000000
1.801064 1.930225 0.000000
1.788800 1.995644 0.000000
1.774630 2.061332 0.000000
1.758537 2.127239 0.000000
1.740508 2.193315 0.000000
1.720529 2.259509 0.000000
1.698590 2.325767 0.000000
1.674678 2.392039 0.000000
1.648787 2.458272 0.000000
1.620907 2.524413 0.000000
1.591032 2.590408 0.000000
1.559158 2.656205 0.000000
1.525281 2.721749 0.000000
1.489398 2.786987 0.000000
1.451508 2.851864 0.000000
1.411611 2.916325 0.000000
1.369710 2.980318 0.000000
1.325807 3.043786 0.000000
1.279907 3.106676 0.000000
1.232016 3.168933 0.000000
1.182141 3.230502 0.000000
1.130291 3.291328 0.000000
1.076476 3.351358 0.000000
1.020706 3.410536 0.000000
0.962996 3.468809 0.000000
0.903359 3.526123 0.000000
0.841810 3.582423 0.000000
0.778368 3.637656 0.000000
0.713050 3.691769 0.000000
0.645875 3.744709 0.000000
0.576866 3.796423 0.000000
0.506044 3.846858 0.000000
0.433434 3.895964 0.000000
0.359060 3.943688 0.000000
0.282949 3.989980 0.000000
0.205129 4.034789 0.000000
0.125629 4.078065 0.000000
0.044480 4.119760 0.000000
-0.038287 4.159824 0.000000
-0.122638 4.198209 0.000000
-0.208539 4.234869 0.000000
-0.295955 4.269755 0.000000
-0.384849 4.302824 0.000000
-0.475182 4.334028 0.000000
-0.566916 4.363325 0.000000
-0.660009 4.390671 0.000000
-0.754421 4.416022 0.000000
-0.850107 4.439338 0.000000
-0.947025 4.460577 0.000000
-1.045130 4.479699 0.000000
-1.144374 4.496666 0.000000
-1.244711 4.511440 0.000000
-1.346092 4.523984 0.000000
-1.448469 4.534263 0.000000
-1.551790 4.542240 0.000000
-1.656004 4.547884 0.000000
-1.761060 4.551161 0.000000
-1.866903 4.552041 0.000000
-1.973479 4.550492 0.000000
-2.080734 4.546487 0.000000
-2.188612 4.539998 0.000000
-2.297055 4.530998 0.000000
-2.406006 4.519462 0.000000
-2.515408 4.505366 0.000000
-2.625200 4.488689 0.000000
-2.735323 4.469408 0.000000
-2.845716 4.447505 0.000000
-2.956319 4.422960 0.000000
-3.067070 4.395757 0.000000
-3.177906 4.365881 0.000000
-3.288764 4.333316 0.000000
-3.399582 4.298051 0.000000
-3.510294 4.260075 0.000000
-3.620837 4.219377 0.000000
-3.731146 4.175949 0.000000
-3.841155 4.129785 0.000000
-3.950800 4.080880 0.000000
-4.060013 4.029230 0.000000
-4.168730 3.974832 0.000000
-4.276884 3.917686 0.000000
-4.384407 3.857794 0.000000
-4.491233 3.795158 0.000000
-4.597296 3.729781 0.000000
-4.702528 3.661671 0.000000
-4.806862 3.590833 0.000000
-4.910230 3.517277 0.000000
-5.012567 3.441014 0.000000
-5.113803 3.362055 0.000000
-5.213874 3.280415 0.000000
-5.312710 3.196109 0.000000
-5.410247 3.109153 0.000000
-5.506416 3.019566 0.000000
-5.601153 2.927369 0.000000
-5.694390 2.832583 0.000000
-5.786062 2.735231 0.000000
-5.876103 2.635339 0.000000
-5.964449 2.532933 0.000000
-6.051034 2.428042 0.000000
-6.135795 2.320694 0.000000
-6.218667 2.210922 0.000000
-6.299589 2.098758 0.000000
-6.378496 1.984236 0.000000
-6.455327 1.867393 0.000000
-6.530020 1.748267 0.000000
-6.602516 1.626895 0.000000
-6.672753 1.503320 0.000000
-6.740673 1.377582 0.000000
-6.806217 1.249726 0.000000
-6.869327 1.119797 0.000000
-6.929947 0.987840 0.000000
-6.988022 0.853905 0.000000
-7.043495 0.718039 0.000000
-7.096313 0.580295 0.000000
-7.146423 0.440725 0.000000
-7.193773 0.299381 0.000000
-7.238312 0.156319 0.000000
-7.279991 0.011595 0.000000
-7.318760 -0.134734 0.000000
-7.354572 -0.282609 0.000000
-7.387381 -0.431969 0.000000
-7.417142 -0.582753 0.000000
-7.443811 -0.734899 0.000000
-7.467345 -0.888344 0.000000
-7.487704 -1.043022 0.000000
-7.504846 -1.198867 0.000000
-7.518735 -1.355813 0.000000
-7.529332 -1.513791 0.000000
-7.536602 -1.672732 0.000000
-7.540511 -1.832565 0.000000
-7.541026 -1.993221 0.000000
-7.538116 -2.154625 0.000000
-7.531751 -2.316707 0.000000
-7.521903 -2.479391 0.000000
-7.508545 -2.642602 0.000000
-7.491653 -2.806266 0.000000
-7.471204 -2.970305 0.000000
-7.447175 -3.134643 0.000000
-7.419546 -3.299202 0.000000
-7.388300 -3.463903 0.000000
-7.353419 -3.628668 0.000000
-7.314889 -3.793415 0.000000
-7.272697 -3.958066 0.000000
-7.226831 -4.122538 0.000000
-7.177281 -4.286751 0.000000
-7.124040 -4.450624 0.000000
-7.067102 -4.614072 0.000000
-7.006463 -4.777015 0.000000
-6.942120 -4.939369 0.000000
-6.874073 -5.101051 0.000000
-6.802322 -5.261978 0.000000
-6.726872 -5.422065 0.000000
-6.647728 -5.581229 0.000000
-6.564895 -5.739386 0.000000
-6.478384 -5.896452 0.000000
-6.388204 -6.052342 0.000000
-6.294369 -6.206973 0.000000
-6.196893 -6.360261 0.000000
-6.095792 -6.512121 0.000000
-5.991086 -6.662469 0.000000
-5.882793 -6.811222 0.000000
-5.770936 -6.958297 0.000000
-5.655539 -7.103610 0.000000
-5.536629 -7.247078 0.000000
-5.414233 -7.388619 0.000000
-5.288380 -7.528149 0.000000
-5.159103 -7.665589 0.000000
-5.026436 -7.800855 0.000000
-4.890413 -7.933868 0.000000
-4.751072 -8.064547 0.000000
-4.608452 -8.192812 0.000000
-4.462594 -8.318585 0.000000
-4.313542 -8.441787 0.000000
-4.161339 -8.562340 0.000000
-4.006033 -8.680167 0.000000
-3.847672 -8.795193 0.000000
-3.686306 -8.907342 0.000000
-3.521988 -9.016540 0.000000
-3.354770 -9.122714 0.000000
-3.184709 -9.225791 0.000000
-3.011862 -9.325700 0.000000
-2.836288 -9.422371 0.000000
-2.658047 -9.515734 0.000000
-2.477202 -9.605721 0.000000
-2.293817 -9.692265 0.000000
-2.107958 -9.775301 0.000000
-1.919692 -9.854765 0.000000
-1.729087 -9.930592 0.000000
-1.536215 -10.002722 0.000000
-1.341146 -10.071094 0.000000
-1.143956 -10.135648 0.000000
-0.944718 -10.196328 0.000000
-0.743509 -10.253077 0.000000
-0.540407 -10.305841 0.000000
-0.335491 -10.354566 0.000000
-0.128842 -10.399202 0.000000
0.079458 -10.439698 0.000000
0.289327 -10.476005 0.000000
0.500679 -10.508079 0.000000
0.713429 -10.535873 0.000000
0.927489 -10.559345 0.000000
1.142773 -10.578453 0.000000
1.359190 -10.593158 0.000000
1.576650 -10.603423 0.000000
1.795062 -10.609211 0.000000
2.014334 -10.610488 0.000000
2.234371 -10.607223 0.000000
2.455081 -10.599386 0.000000
2.676367 -10.586948 0.000000
2.898134 -10.569883 0.000000
3.120284 -10.548167 0.000000
3.342721 -10.521778 0.000000
3.565345 -10.490697 0.000000
3.788058 -10.454904 0.000000
4.010760 -10.414385 0.000000
4.233351 -10.369124 0.000000
4.455729 -10.319112 0.000000
4.677795 -10.264338 0.000000
4.899445 -10.204795 0.000000
5.120577 -10.140478 0.000000
5.341090 -10.071383 0.000000
5.560880 -9.997511 0.000000
5.779843 -9.918861 0.000000
5.997877 -9.835439 0.000000
6.214878 -9.747250 0.000000
6.430742 -9.654302 0.000000
6.645366 -9.556606 0.000000
6.858645 -9.454173 0.000000
7.070475 -9.347020 0.000000
7.280753 -9.235163 0.000000
7.489376 -9.118621 0.000000
7.696239 -8.997416 0.000000
7.901240 -8.871573 0.000000
8.104275 -8.741117 0.000000
8.305241 -8.606077 0.000000
8.504037 -8.466484 0.000000
8.700560 -8.322370 0.000000
8.894709 -8.173772 0.000000
9.086383 -8.020726 0.000000
9.275481 -7.863272 0.000000
9.461904 -7.701453 0.000000
9.645552 -7.535312 0.000000
9.826326 -7.364897 0.000000
10.004130 -7.190256 0.000000
10.178866 -7.011439 0.000000
10.350439 -6.828501 0.000000
10.518752 -6.641495 0.000000
10.683712 -6.450481 0.000000
10.845225 -6.255516 0.000000
11.003200 -6.056664 0.000000
11.157546 -5.853987 0.000000
11.308172 -5.647553 0.000000
11.454989 -5.437428 0.000000
11.597911 -5.223682 0.000000
11.736851 -5.006389 0.000000
11.871724 -4.785621 0.000000
12.002446 -4.561456 0.000000
12.128937 -4.333970 0.000000
12.251114 -4.103244 0.000000
12.368899 -3.869360 0.000000
12.482214 -3.632401 0.000000
12.590983 -3.392454 0.000000
12.695133 -3.149604 0.000000
12.794590 -2.903942 0.000000
12.889283 -2.655558 0.000000
12.979143 -2.404545 0.000000
13.064104 -2.150997 0.000000
13.144099 -1.895010 0.000000
13.219065 -1.636682 0.000000
13.288940 -1.376111 0.000000
13.353664 -1.113398 0.000000
13.413180 -0.848646 0.000000
13.467432 -0.581957 0.000000
13.516366 -0.313437 0.000000
13.559931 -0.043193 0.000000
-0.459698 1.158529 1.000000
-0.465258 1.202723 1.000000
-0.472362 1.246344 1.000000
-0.480987 1.289349 1.000000
-0.491111 1.331695 1.000000
-0.502712 1.373338 1.000000
-0.515765 1.414238 1.000000
-0.530245 1.454353 1.000000
-0.546125 1.493643 1.000000
-0.563378 1.532067 1.000000
-0.581976 1.569586 1.000000
-0.601888 1.606164 1.000000
-0.623085 1.641761 1.000000
-0.645535 1.676342 1.000000
-0.669205 1.709871 1.000000
-0.694063 1.742313 1.000000
-0.720074 1.773635 1.000000
-0.747202 1.803803 1.000000
-0.775413 1.832785 1.000000
-0.804669 1.860552 1.000000
-0.834933 1.887072 1.000000
-0.866166 1.912316 1.000000
-0.898329 1.936258 1.000000
-0.931383 1.958869 1.000000
-0.965287 1.980125 1.000000
-1.000000 2.000000 1.000000
-1.035480 2.018471 1.000000
-1.071684 2.035516 1.000000
-1.108570 2.051113 1.000000
-1.146094 2.065242 1.000000
-1.184212 2.077884 1.000000
-1.222880 2.089021 1.000000
-1.262051 2.098637 1.000000
-1.301681 2.106716 1.000000
-1.341725 2.113244 1.000000
-1.382135 2.118208 1.000000
-1.422864 2.121596 1.000000
-1.463867 2.123399 1.000000
-1.505096 2.123605 1.000000
-1.546503 2.122209 1.000000
-1.588040 2.119202 1.000000
-1.629660 2.114579 1.000000
-1.671315 2.108336 1.000000
-1.712956 2.100471 1.000000
-1.754535 2.090981 1.000000
-1.796003 2.079867 1.000000
-1.837313 2.067128 1.000000
-1.878416 2.052768 1.000000
-1.919264 2.036790 1.000000
-1.959808 2.019199 1.000000
-2.000000 2.000000 1.000000
-2.039792 1.979201 1.000000
-2.079136 1.956812 1.000000
-2.117985 1.932840 1.000000
-2.156290 1.907299 1.000000
-2.194005 1.880200 1.000000
-2.231083 1.851557 1.000000
-2.267476 1.821385 1.000000
-2.303140 1.789700 1.000000
-2.338027 1.756520 1.000000
-2.372093 1.721863 1.000000
-2.405292 1.685749 1.000000
-2.437580 1.648200 1.000000
-2.468913 1.609238 1.000000
-2.499246 1.568885 1.000000
-2.528538 1.527168 1.000000
-2.556746 1.484111 1.000000
-2.583828 1.439742 1.000000
-2.609743 1.394088 1.000000
-2.634450 1.347180 1.000000
-2.657910 1.299047 1.000000
-2.680084 1.249721 1.000000
-2.700933 1.199234 1.000000
-2.720421 1.147620 1.000000
-2.738510 1.094913 1.000000
-2.755165 1.041149 1.000000
-2.770351 0.986365 1.000000
-2.784034 0.930597 1.000000
-2.796181 0.873885 1.000000
-2.806759 0.816268 1.000000
-2.815738 0.757787 1.000000
-2.823088 0.698481 1.000000
-2.828778 0.638394 1.000000
-2.832782 0.577569 1.000000
-2.835072 0.516048 1.000000
-2.835621 0.453878 1.000000
-2.834406 0.391101 1.000000
-2.831402 0.327766 1.000000
-2.826587 0.263918 1.000000
-2.819939 0.199605 1.000000
-2.811437 0.134874 1.000000
-2.801064 0.069775 1.000000
-2.788800 0.004356 1.000000
-2.774630 -0.061332 1.000000
-2.758537 -0.127239 1.000000
-2.740508 -0.193315 1.000000
-2.720529 -0.259509 1.000000
-2.698590 -0.325767 1.000000
-2.674678 -0.392039 1.000000
-2.648787 -0.458272 1.000000
-2.620907 -0.524413 1.000000
-2.591032 -0.590408 1.000000
-2.559158 -0.656205 1.000000
-2.525281 -0.721749 1.000000
-2.489398 -0.786987 1.000000
-2.451508 -0.851864 1.000000
-2.411611 -0.916325 1.000000
-2.369710 -0.980318 1.000000
-2.325807 -1.043786 1.000000
-2.279907 -1.106676 1.000000
-2.232016 -1.168933 1.000000
-2.182141 -1.230502 1.000000
-2.130291 -1.291328 1.000000
-2.076476 -1.351358 1.000000
-2.020706 -1.410536 1.000000
-1.962996 -1.468809 1.000000
-1.903359 -1.526123 1.000000
-1.841810 -1.582423 1.000000
-1.778368 -1.637656 1.000000
-1.713050 -1.691769 1.000000
-1.645875 -1.744709 1.000000
-1.576866 -1.796423 1.000000
-1.506044 -1.846858 1.000000
-1.433434 -1.895964 1.000000
-1.359060 -1.943688 1.000000
-1.282949 -1.989980 1.000000
-1.205129 -2.034789 1.000000
-1.125629 -2.078065 1.000000
-1.044480 -2.119760 1.000000
-0.961713 -2.159824 1.000000
-0.877362 -2.198209 1.000000
-0.791461 -2.234869 1.000000
-0.704045 -2.269755 1.000000
-0.615151 -2.302824 1.000000
-0.524818 -2.334028 1.000000
-0.433084 -2.363325 1.000000
-0.339991 -2.390671 1.000000
-0.245579 -2.416022 1.000000
-0.149893 -2.439338 1.000000
-0.052975 -2.460577 1.000000
0.045130 -2.479699 1.000000
0.144374 -2.496666 1.000000
0.244711 -2.511440 1.000000
0.346092 -2.523984 1.000000
0.448469 -2.534263 1.000000
0.551790 -2.542240 1.000000
0.656004 -2.547884 1.000000
0.761060 -2.551161 1.000000
0.866903 -2.552041 1.000000
0.973479 -2.550492 1.000000
1.080734 -2.546487 1.000000
1.188612 -2.539998 1.000000
1.297055 -2.530998 1.000000
1.406006 -2.519462 1.000000
1.515408 -2.505366 1.000000
1.625200 -2.488689 1.000000
1.735323 -2.469408 1.000000
1.845716 -2.447505 1.000000
1.956319 -2.422960 1.000000
2.067070 -2.395757 1.000000
2.177906 -2.365881 1.000000
2.288764 -2.333316 1.000000
2.399582 -2.298051 1.000000
2.510294 -2.260075 1.000000
2.620837 -2.219377 1.000000
2.731146 -2.175949 1.000000
2.841155 -2.129785 1.000000
2.950800 -2.080880 1.000000
3.060013 -2.029230 1.000000
3.168730 -1.974832 1.000000
3.276884 -1.917686 1.000000
3.384407 -1.857794 1.000000
3.491233 -1.795158 1.000000
3.597296 -1.729781 1.000000
3.702528 -1.661671 1.000000
3.806862 -1.590833 1.000000
3.910230 -1.517277 1.000000
4.012567 -1.441014 1.000000
4.113803 -1.362055 1.000000
4.213874 -1.280415 1.000000
4.312710 -1.196109 1.000000
4.410247 -1.109153 1.000000
4.506416 -1.019566 1.000000
4.601153 -0.927369 1.000000
4.694390 -0.832583 1.000000
4.786062 -0.735231 1.000000
4.876103 -0.635339 1.000000
4.964449 -0.532933 1.000000
5.051034 -0.428042 1.000000
5.135795 -0.320694 1.000000
5.218667 -0.210922 1.000000
5.299589 -0.098758 1.000000
5.378496 0.015764 1.000000
5.455327 0.132607 1.000000
5.530020 0.251733 1.000000
5.602516 0.373105 1.000000
5.672753 0.496680 1.000000
5.740673 0.622418 1.000000
5.806217 0.750274 1.000000
5.869327 0.880203 1.000000
5.929947 1.012160 1.000000
5.988022 1.146095 1.000000
6.043495 1.281961 1.000000
6.096313 1.419705 1.000000
6.146423 1.559275 1.000000
6.193773 1.700619 1.000000
6.238312 1.843681 1.000000
6.279991 1.988405 1.000000
6.318760 2.134734 1.000000
6.354572 2.282609 1.000000
6.387381 2.431969 1.000000
6.417142 2.582753 1.000000
6.443811 2.734899 1.000000
6.467345 2.888344 1.000000
6.487704 3.043022 1.000000
6.504846 3.198867 1.000000
6.518735 3.355813 1.000000
6.529332 3.513791 1.000000
6.536602 3.672732 1.000000
6.540511 3.832565 1.000000
6.541026 3.993221 1.000000
6.538116 4.154625 1.000000
6.531751 4.316707 1.000000
6.521903 4.479391 1.000000
6.508545 4.642602 1.000000
6.491653 4.806266 1.000000
6.471204 4.970305 1.000000
6.447175 5.134643 1.000000
6.419546 5.299202 1.000000
6.388300 5.463903 1.000000
6.353419 5.628668 1.000000
6.314889 5.793415 1.000000
6.272697 5.958066 1.000000
6.226831 6.122538 1.000000
6.177281 6.286751 1.000000
6.124040 6.450624 1.000000
6.067102 6.614072 1.000000
6.006463 6.777015 1.000000
5.942120 6.939369 1.000000
5.874073 7.101051 1.000000
5.802322 7.261978 1.000000
5.726872 7.422065 1.000000
5.647728 7.581229 1.000000
5.564895 7.739386 1.000000
5.478384 7.896452 1.000000
5.388204 8.052342 1.000000
5.294369 8.206973 1.000000
5.196893 8.360261 1.000000
5.095792 8.512121 1.000000
4.991086 8.662469 1.000000
4.882793 8.811222 1.000000
4.770936 8.958297 1.000000
4.655539 9.103610 1.000000
4.536629 9.247078 1.000000
4.414233 9.388619 1.000000
4.288380 9.528149 1.000000
4.159103 9.665589 1.000000
4.026436 9.800855 1.000000
3.890413 9.933868 1.000000
3.751072 10.064547 1.000000
3.608452 10.192812 1.000000
3.462594 10.318585 1.000000
3.313542 10.441787 1.000000
3.161339 10.562340 1.000000
3.006033 10.680167 1.000000
2.847672 10.795193 1.000000
2.686306 10.907342 1.000000
2.521988 11.016540 1.000000
2.354770 11.122714 1.000000
2.184709 11.225791 1.000000
2.011862 11.325700 1.000000
1.836288 11.422371 1.000000
1.658047 11.515734 1.000000
1.477202 11.605721 1.000000
1.293817 11.692265 1.000000
1.107958 11.775301 1.000000
0.919692 11.854765 1.000000
0.729087 11.930592 1.000000
0.536215 12.002722 1.000000
0.341146 12.071094 1.000000
0.143956 12.135648 1.000000
-0.055282 12.196328 1.000000
-0.256491 12.253077 1.000000
-0.459593 12.305841 1.000000
-0.664509 12.354566 1.000000
-0.871158 12.399202 1.000000
-1.079458 12.439698 1.000000
-1.289327 12.476005 1.000000
-1.500679 12.508079 1.000000
-1.713429 12.535873 1.000000
-1.927489 12.559345 1.000000
-2.142773 12.578453 1.000000
-2.359190 12.593158 1.000000
-2.576650 12.603423 1.000000
-2.795062 12.609211 1.000000
-3.014334 12.610488 1.000000
-3.234371 12.607223 1.000000
-3.455081 12.599386 1.000000
-3.676367 12.586948 1.000000
-3.898134 12.569883 1.000000
-4.120284 12.548167 1.000000
-4.342721 12.521778 1.000000
-4.565345 12.490697 1.000000
-4.788058 12.454904 1.000000
-5.010760 12.414385 1.000000
-5.233351 12.369124 1.000000
-5.455729 12.319112 1.000000
-5.677795 12.264338 1.000000
-5.899445 12.204795 1.000000
-6.120577 12.140478 1.000000
-6.341090 12.071383 1.000000
-6.560880 11.997511 1.000000
-6.779843 11.918861 1.000000
-6.997877 11.835439 1.000000
-7.214878 11.747250 1.000000
